temps par generation:
30000
bouffe au depart:
30
parent par generation
6
temp blocage max
8000
temp evaluation parent
10000
bouffe:
142
1173
2144
2027
2000
2107
2081
1938
2051
2229
2149
2213
2186
2120
2197
2225
2115
2125
2103
2163
2128
2243
2205
2202
2221
2210
2238
2280
2141
2152
2249
2201
2239
2250
2154
2257
2197
2211
2080
2243
2183
2213
2289
2214
2241
2144
2250
2261
2219
2196
2145
2207
2249
2206
2144
2104
2218
2172
2157
2248
2232
2277
2161
2150
2327
2218
2206
2211
2239
2236
2221
2202
2275
2297
2284
2087
2151
2252
2121
2212
2231
2179
2266
2088
2139
2185
2143
2165
2142
2219
2158
2140
2186
2149
2121
2196
2111
2099
2111
2181
2212
2151
2386
3040
4043
4713
5119
5212
5709
5512
5831
6222
6296
6235
6298
6286
6214
6317
6439
6455
6371
6528
6450
6457
6337
6469
6458
6540
6489
6585
6591
6608
6495
6498
6613
6546
6568
6643
6476
6617
6621
6568
6576
6619
6535
6487
6532
6618
6570
6474
6637
6487
6590
6764
6698
6533
6500
6614
6508
6589
6519
6476
6194
6530
6461
6484
6686
6591
6493
6605
6560
6533
6537
6745
6526
6739
6670
6650
6555
6640
6661
6627
6520
6394
6447
6522
6526
6410
6489
6567
6427
6531
6444
6415
6667
6611
6633
6593
6563
6516
6508
6681
6609
6416
6472
6627
6487
6513
6473
6577
6562
6557
6695
6719
6492
6727
6462
6545
6682
6536
6543
6676
6507
6477
6541
6435
6678
6486
6467
6521
6500
6551
6591
6584
6489
6534
6495
6640
6599
6671
6518
6369
6578
6578
6640
6517
6521
6430
6566
6593
6530
6662
6596
6534
6625
6398
6680
6526
6514
6471
6609
6634
6495
6587
6640
6489
6717
6717
6563
6575
6652
6325
6442
6632
6600
6466
6448
6518
6631
6678
6629
6609
6604
6621
6572
6343
6455
6582
6488
6705
6569
6525
6547
6659
6668
6687
6667
6527
6470
6574
6563
6599
6405
6514
6434
6663
6448
6502
6475
6665
6619
6517
6518
6618
6562
6451
6625
6586
6585
6566
6582
6530
6534
6521
6558
6551
6558
6598
6507
6573
6590
6513
6759
6532
6589
6573
6567
6516
6513
6447
6484
6483
6541
6528
6582
6608
6542
6680
6606
6660
6468
6460
6531
6472
6463
6547
6493
6644
6553
6567
6613
6779
6584
6579
6730
6481
6751
6542
6604
6681
6598
6638
6610
6654
6656
6515
6685
6610
6569
6480
6601
6622
6557
6585
6454
6549
6556
6687
6360
6493
6503
6500
6586
6547
6538
6466
6613
6509
6643
6589
6526
6527
6535
6655
6627
6535
6435
6643
6660
6607
6449
6484
6482
6704
6615
6479
6496
6498
6561
6603
6520
6520
6584
6551
6477
6610
6667
6593
6535
6451
6569
6630
6626
6499
6586
6531
6793
6542
6619
6671
6687
6680
6570
6471
6531
6656
6455
6524
6836
6516
6583
6729
6597
6598
6650
6630
6503
6688
6610
6575
6646
6629
6743
6609
6803
6971
7125
7133
6993
6937
7310
7027
7056
7176
7171
7724
8443
8435
8730
8597
8793
8727
8792
8742
8781
8830
9021
8948
8820
8826
8767
8795
8759
8612
8920
