temps par generation:
30000
bouffe au depart:
50
parent par generation
3
temp blocage max
8000
temp evaluation parent
10000
bouffe:
44
14
6
8
27
36
34
55
20
56
35
64
56
29
56
39
47
66
87
104
119
114
114
71
102
77
86
120
103
99
84
104
84
62
88
99
91
101
129
86
79
161
59
124
105
98
112
121
93
147
166
366
402
296
379
429
396
413
408
439
388
368
414
406
502
431
402
468
405
397
458
393
440
431
489
412
425
408
540
494
422
402
382
457
463
482
447
397
476
502
320
509
448
475
463
386
398
402
420
302
419
407
486
442
436
523
449
460
493
416
371
399
411
486
503
417
445
484
497
409
479
505
426
561
389
503
424
424
414
397
455
402
455
521
444
485
368
467
523
336
407
510
484
487
450
461
416
452
398
382
408
452
421
432
456
458
424
498
462
430
418
443
422
419
380
436
446
431
505
450
354
411
424
409
452
342
457
391
397
383
502
440
497
334
447
405
430
457
396
452
509
494
427
465
503
453
428
433
411
468
407
397
371
349
480
447
446
402
346
464
402
380
453
434
414
415
445
347
457
511
405
413
476
459
452
415
368
472
451
436
516
302
427
396
459
452
383
461
434
418
431
514
402
451
463
407
471
406
370
414
544
340
376
401
513
439
443
445
369
425
376
380
363
416
479
485
458
400
526
458
460
400
371
570
428
413
426
384
533
444
463
333
356
353
472
454
443
544
441
416
410
405
507
363
444
400
406
450
434
492
427
474
401
437
432
464
393
474
372
374
425
426
485
408
439
429
449
377
405
489
423
380
481
