ROBOT
memoire
4
51
89
21
23
entrer monde
20
84
0
6
3
54
2
11
3
79
2
102
0
33
0
51
1
24
2
20
0
27
2
53
3
81
1
17
2
65
0
24
2
24
2
53
3
25
2
22
0
sortie monde
2
106
75
cerveaux
ame
80
26
61
108
positron:6750
-2014
3641
2
12
3
105
-7
positron:6751
-1053
2921
1
82
0
positron:6752
-2053
2973
1
91
1
positron:6753
-4132
3388
5
47
-8
86
-5
105
-7
4
0
20
-7
positron:6754
-3081
3184
5
75
-7
91
-10
104
-3
84
9
31
-6
positron:6755
-836
3834
3
77
-9
16
2
106
-10
positron:6756
-3779
4057
4
98
2
99
9
74
5
80
-8
positron:6757
-3489
4013
5
50
-4
42
6
58
-8
51
-3
18
-8
positron:6758
-1954
1100
1
65
-2
positron:6759
-1036
2893
4
5
-3
87
-1
54
-7
48
-5
positron:6760
-2499
2554
1
77
-9
positron:6761
-3976
1039
4
88
-2
77
1
4
-4
60
0
positron:6762
-2115
3873
3
54
1
90
1
105
-5
positron:6763
-3084
640
1
93
5
positron:6764
-1946
1015
3
26
6
11
0
71
-2
positron:6765
-1472
653
5
74
-7
75
8
41
9
61
9
72
-8
positron:6766
-1290
1851
1
62
-8
positron:6767
-1447
2398
4
66
3
93
2
72
3
14
1
positron:6768
-4065
3950
4
13
-7
31
-6
36
-1
64
2
positron:6769
-4483
3141
5
78
3
85
1
61
6
80
-2
67
-10
positron:6770
-2318
646
1
81
9
positron:6771
-749
3045
1
51
10
positron:6772
-2675
2031
1
58
3
positron:6773
-703
4110
2
5
7
43
-4
positron:6774
-3625
3531
3
20
-9
42
-1
37
8
positron:6775
-3337
1568
5
55
8
1
-10
25
-4
7
-2
4
-2
positron:6776
-2556
3764
5
51
4
42
-5
38
0
11
9
15
-3
positron:6777
-2407
3080
4
42
9
69
3
77
-9
102
-8
positron:6778
-3166
4176
5
88
5
32
-1
9
-6
90
4
106
4
positron:6779
-665
3877
4
61
9
95
-6
11
-2
70
0
positron:6780
-3501
2108
4
52
-4
24
8
39
-10
58
-4
positron:6781
-582
1067
3
27
1
55
10
11
7
positron:6782
-4457
807
2
96
-6
67
0
positron:6783
-2640
1118
5
13
-1
28
-2
70
-8
9
3
50
9
positron:6784
-3300
3839
2
95
-7
51
-8
positron:6785
-4292
1212
3
102
6
34
4
61
0
positron:6786
-1741
3979
4
80
-1
80
7
106
6
55
-8
positron:6787
-3504
2548
4
24
-3
102
-4
64
9
91
-6
positron:6788
-585
1096
3
61
-4
95
7
22
-10
positron:6789
-2681
3618
4
33
-2
105
3
72
0
12
9
positron:6790
-1699
4221
3
27
9
58
1
102
-4
positron:6791
-3676
1177
2
37
-6
38
-1
positron:6792
-2463
3373
5
26
-6
52
3
77
8
7
-3
28
3
positron:6793
-2231
4136
1
87
-6
positron:6794
-1692
1494
5
58
7
22
-5
89
-5
85
1
99
3
positron:6795
-3152
4296
3
90
-5
67
2
37
4
positron:6796
-824
3753
4
8
-2
96
-4
30
-3
55
4
positron:6797
-900
2027
5
17
10
31
-10
106
7
101
-6
86
-7
positron:6798
-2714
3230
3
54
-3
6
-5
71
9
positron:6799
-3927
1213
2
17
5
70
6
positron:6800
-1038
1293
4
68
10
87
9
79
-2
96
4
positron:6801
-2689
4074
5
46
9
5
-2
27
1
65
3
103
2
positron:6802
-1430
2438
2
37
4
59
7
positron:6803
-2055
1768
4
89
-5
4
6
88
4
52
10
positron:6804
-730
1624
4
15
8
16
3
22
-10
55
4
positron:6805
-3983
2183
2
27
10
40
-4
positron:6806
-2311
4126
1
103
-10
positron:6807
-3369
3774
1
63
-6
positron:6808
-2329
878
5
19
2
59
-8
54
-10
44
2
99
-8
positron:6809
-1909
3107
5
35
2
25
-2
67
-6
89
-10
59
-10
positron:6810
-3016
3941
1
48
-9
positron:6811
-2089
1860
4
71
-2
17
-3
99
8
97
-1
positron:6812
-2644
3179
1
21
3
positron:6813
-875
1759
3
78
4
11
-9
33
0
positron:6814
-1822
2704
4
93
2
87
-7
88
6
50
1
positron:6815
-1478
718
1
79
-4
positron:6816
-1425
4078
2
103
-7
77
-3
positron:6817
-2490
3106
1
63
3
positron:6818
-570
3489
3
32
-10
34
8
92
5
positron:6819
-3714
3690
2
59
7
86
9
positron:6820
-1870
1592
2
46
4
54
10
positron:6821
-3753
1125
1
70
3
positron:6822
-3588
3373
2
71
-3
51
1
positron:6823
-2634
876
5
102
-8
30
7
70
-8
10
1
59
-2
positron:6824
-3120
1131
5
80
-10
84
-4
78
-2
74
5
105
2
positron:6825
-1256
1469
2
101
5
42
9
positron:6826
-1347
1063
5
65
7
25
-2
41
8
37
-1
102
-1
positron:6827
-1069
3615
2
71
-3
28
-8
positron:6828
-2903
1551
4
74
6
4
7
86
-2
101
-1
positron:6829
-1325
3948
3
96
-6
77
-8
26
-5
positron:6830
-1458
4217
1
46
-10
positron:6831
-633
2580
3
4
-6
62
-4
37
-9
positron:6832
-3158
3999
3
31
6
41
2
39
-8
positron:6833
-1629
3130
3
63
5
31
8
11
3
positron:6834
-1733
1062
3
20
-9
75
8
71
-4
positron:6835
-1406
3814
5
89
-4
41
-9
27
9
58
1
30
7
positron:6836
-2463
2958
4
87
-10
100
6
74
8
9
1
positron:6837
-1562
1043
1
77
-9
positron:6838
-3871
2926
3
47
-8
81
9
45
6
positron:6839
-626
558
4
56
1
77
6
28
-10
50
6
positron:6840
-2217
803
3
95
-7
96
-5
0
-8
positron:6841
-1590
1679
4
37
5
44
-6
72
6
100
-8
positron:6842
-4396
2074
5
44
-4
96
10
3
-9
9
9
107
-7
positron:6843
-3747
2685
3
35
9
65
-5
38
7
positron:6844
-1519
4075
4
24
-6
106
-3
93
-7
85
-4
positron:6845
-1525
2496
1
81
5
positron:6846
-3705
1061
3
67
-3
34
-6
28
6
positron:6847
-3558
1777
3
89
-3
13
9
15
8
positron:6848
-3488
2819
1
88
4
positron:6849
-1795
2847
4
14
4
49
-10
51
10
105
7
positron:6850
-2447
3827
1
26
7
positron:6851
-2246
2972
3
62
7
50
8
79
4
positron:6852
-675
2335
4
37
5
54
-5
106
2
79
-2
positron:6853
-1515
3620
1
37
5
positron:6854
-1646
2847
1
43
-1
positron:6855
-3594
686
1
42
-5
positron:6856
-1989
1336
4
96
-7
22
10
99
-1
7
7
positron:6857
-1712
1495
2
67
-3
83
5
